(2, (378933.97, 17.51, 3173.2863572584515, True))
(2, (359138.45, 29.73, 3173.1744619578303, True))
(2, (468033.46, 29.73, 3173.1753511030597, True))
(2, (262794.39, 30.0, 3173.1724117670537, True))
(2, (359131.55, 29.73, 3173.1744619473816, True))
(2, (305759.63, 177.68, 3171.8204689883773, True))
(2, (400477.76, 425.24, 3169.554793933203, True))
(2, (339986.84, 192.23, 3171.6872028842677, True))
(2, (359138.45, 29.73, 3173.1744619578303, True))
(2, (339986.84, 192.23, 3171.6872028842677, True))
(2, (309606.58, 144.93, 3172.120189195743, True))
(2, (341556.56, 9.15, 3173.362809008006, True))
(2, (413463.18, 30.0, 3173.1722533536945, True))
(2, (332848.13, 153.28, 3172.043694860276, True))
(2, (272271.96, 153.28, 3172.044021838026, True))
(2, (304660.02, 0.0, 3173.4466592381773, True))
(6, (16324.96, 341.53, 196.96165952880364, True))
(6, (13289.45, 110.5, 199.6914313199384, True))
(6, (21129.75, 202.45, 198.6055995006173, True))
(6, (21129.75, 202.45, 198.6055995006173, True))
(6, (10356.39, 34.68, 200.58918719615622, True))
(6, (21428.58, 0.0, 200.99699045329882, True))
(6, (14778.85, 205.64, 198.56704550709202, True))
(6, (31260.15, 38.93, 200.55053545414137, True))
(6, (22412.97, 33.3, 200.604376224104, True))
(6, (10890.5, 40.73, 200.51723171539143, True))
(6, (12067.19, 47.62, 200.43490224600257, True))
(6, (28950.86, 39.68, 200.5372739665213, True))
(6, (10890.5, 40.73, 200.51723171539143, True))
(6, (15142.316666666666, 37.69, 200.55065982484646, True))
(6, (15142.316666666666, 37.69, 200.55065982484646, True))
(6, (17488.16, 36.98, 200.55880607530045, True))
(6, (13289.45, 197.96, 198.65841040188528, True))
(6, (21129.75, 202.45, 198.6055995006173, True))
(6, (12026.55, 44.78, 200.46847579967474, True))
(6, (9578.92, 29.34, 200.65305717871348, True))
(6, (21909.21, 333.58, 197.05729899789443, True))
(6, (14778.845, 205.635, 198.5671045656954, True))
(6, (14778.85, 205.64, 198.56704550709202, True))
(6, (14778.85, 205.64, 198.56704550709202, True))
(6, (23761.56625, 37.96125, 200.55051347634188, True))
(6, (23761.57, 37.96, 200.55052824404916, True))
(6, (13150.75, 38.125, 200.5463547469444, True))
(6, (23761.57, 37.96, 200.55052824404916, True))
(6, (28950.86, 39.68, 200.5372739665213, True))
(6, (14367.48, 35.73, 200.5740654939103, True))
(6, (21428.58, 0.0, 200.99699045329882, True))
(6, (10784.605, 43.475, 200.48490519288086, True))
(6, (17506.38, 35.31, 200.5785324083327, True))
(6, (29068.05, 24.04, 200.72219949098786, True))
(6, (23761.565, 37.96, 200.5505282391363, True))
(6, (14367.48, 35.73, 200.5740654939103, True))
(6, (14367.48, 35.73, 200.5740654939103, True))
(6, (17488.16, 36.98, 200.55880607530045, True))
(6, (9571.1, 38.06666666666667, 200.54999346101712, True))
(6, (9571.1, 38.07, 200.54995409043244, True))
(6, (12026.51, 123.34, 199.54057964272465, True))
(6, (30250.0, 42.5, 200.50634964114894, True))
(6, (21129.73, 230.13, 198.27866162084896, True))
(6, (14778.85, 205.64, 198.56704550709202, True))
(6, (13150.75, 38.125, 200.5463547469444, True))
(6, (13150.75, 38.13, 200.54629569019875, True))
(6, (17506.38, 35.31, 200.5785324083327, True))
(6, (23761.565, 37.96, 200.5505282391363, True))
(6, (10890.5, 40.73, 200.51723171539143, True))
(6, (13150.748000000001, 38.126, 200.54634293672183, True))
(6, (13200.365, 185.225, 198.80887736202516, True))
(6, (17506.38, 35.31, 200.5785324083327, True))
(6, (9571.1, 38.07, 200.54995409043244, True))
(6, (12621.74, 161.25, 199.0924031327686, True))
(6, (12621.74, 161.25, 199.0924031327686, True))
