(3, (136687.14, 76.87, 1718.9127367384447, True))
(3, (128044.0, 317.69, 1715.2353199431025, True))
(3, (214883.29, 29.73, 1719.638547496961, True))
(3, (140847.88, 127.16, 1718.1449642111536, True))
(3, (156499.49, 109.43, 1718.416379319778, True))
(3, (214883.29, 29.73, 1719.638547496961, True))
(3, (150539.17, 45.5, 1719.39226377323, True))
(3, (105871.93, 70.53, 1719.0092219545434, True))
(3, (151111.75, 188.22, 1717.213023283754, True))
(3, (128043.99, 352.2, 1714.7083682890725, True))
(3, (114699.69, 28.18, 1719.655861441556, True))
(3, (128155.38, 102.03, 1718.5283499626048, True))
(3, (93825.1, 28.18, 1719.6560743534706, True))
(3, (125427.73, 43.34, 1719.424472044407, True))
(3, (116040.98, 34.28, 1719.5627217112424, True))
(3, (116040.98, 34.28, 1719.5627217112424, True))
(3, (128044.0, 354.1, 1714.6793561727063, True))
(3, (214883.29, 29.73, 1719.638547496961, True))
(3, (104986.04, 0.0, 1720.086190110158, True))
(3, (104986.04, 0.0, 1720.086190110158, True))
(3, (104986.04, 0.0, 1720.086190110158, True))
(3, (104986.04, 0.0, 1720.086190110158, True))
(3, (104986.04, 0.0, 1720.086190110158, True))
(3, (104986.04, 0.0, 1720.086190110158, True))
(3, (104986.04, 0.0, 1720.086190110158, True))
(3, (104986.04, 0.0, 1720.086190110158, True))
(3, (104986.04, 0.0, 1720.086190110158, True))
(3, (104986.04, 0.0, 1720.086190110158, True))
(3, (104986.04, 0.0, 1720.086190110158, True))
(3, (104986.04, 0.0, 1720.086190110158, True))
(3, (104986.04, 0.0, 1720.086190110158, True))
(3, (104986.04, 0.0, 1720.086190110158, True))
(3, (104986.04, 0.0, 1720.086190110158, True))
(3, (104986.04, 0.0, 1720.086190110158, True))
(3, (104986.04, 0.0, 1720.086190110158, True))
(3, (104986.04, 0.0, 1720.086190110158, True))
(3, (104986.04, 0.0, 1720.086190110158, True))
(3, (104986.04, 0.0, 1720.086190110158, True))
(3, (104986.04, 0.0, 1720.086190110158, True))
(3, (104986.04, 0.0, 1720.086190110158, True))
(3, (104986.04, 0.0, 1720.086190110158, True))
(3, (104986.04, 0.0, 1720.086190110158, True))
(3, (104986.04, 0.0, 1720.086190110158, True))
(3, (104986.04, 0.0, 1720.086190110158, True))
(3, (104986.04, 0.0, 1720.086190110158, True))
(3, (104986.04, 0.0, 1720.086190110158, True))
(3, (104986.04, 0.0, 1720.086190110158, True))
(3, (104986.04, 0.0, 1720.086190110158, True))
(3, (104986.04, 0.0, 1720.086190110158, True))
(3, (104986.04, 0.0, 1720.086190110158, True))
(3, (104986.04, 0.0, 1720.086190110158, True))
(3, (104986.04, 0.0, 1720.086190110158, True))
(3, (150451.02, 0.0, 1720.0870232661139, True))
(3, (104986.04, 0.0, 1720.086190110158, True))
(3, (104986.04, 0.0, 1720.086190110158, True))
(3, (104986.04, 0.0, 1720.086190110158, True))
(3, (104986.04, 0.0, 1720.086190110158, True))
(3, (104986.04, 0.0, 1720.086190110158, True))
(3, (104986.04, 0.0, 1720.086190110158, True))
(3, (104986.04, 0.0, 1720.086190110158, True))
(3, (104986.04, 0.0, 1720.086190110158, True))
(3, (104986.04, 0.0, 1720.086190110158, True))
(3, (104986.04, 0.0, 1720.086190110158, True))
(3, (104986.04, 0.0, 1720.086190110158, True))
(3, (104986.04, 0.0, 1720.086190110158, True))
(3, (104986.04, 0.0, 1720.086190110158, True))
(3, (104986.04, 0.0, 1720.086190110158, True))
(3, (104986.04, 0.0, 1720.086190110158, True))
(3, (104986.04, 0.0, 1720.086190110158, True))
(3, (104986.04, 0.0, 1720.086190110158, True))
(3, (104986.04, 0.0, 1720.086190110158, True))
(3, (104986.04, 0.0, 1720.086190110158, True))
(3, (104986.04, 0.0, 1720.086190110158, True))
(3, (104986.04, 0.0, 1720.086190110158, True))
(3, (104986.04, 0.0, 1720.086190110158, True))
(3, (104986.04, 0.0, 1720.086190110158, True))
(3, (104986.04, 0.0, 1720.086190110158, True))
(3, (104986.04, 0.0, 1720.086190110158, True))
(3, (104986.04, 0.0, 1720.086190110158, True))
(3, (104986.04, 0.0, 1720.086190110158, True))
(3, (104986.04, 0.0, 1720.086190110158, True))
(3, (104986.04, 0.0, 1720.086190110158, True))
(3, (104986.04, 0.0, 1720.086190110158, True))
(3, (104986.04, 0.0, 1720.086190110158, True))
(3, (104986.04, 0.0, 1720.086190110158, True))
(3, (104986.04, 0.0, 1720.086190110158, True))
(3, (104986.04, 0.0, 1720.086190110158, True))
(3, (104986.04, 0.0, 1720.086190110158, True))
(3, (104986.04, 0.0, 1720.086190110158, True))
(3, (104986.04, 0.0, 1720.086190110158, True))
(3, (104986.04, 0.0, 1720.086190110158, True))
(3, (104986.04, 0.0, 1720.086190110158, True))
(3, (104986.04, 0.0, 1720.086190110158, True))
(3, (104986.04, 0.0, 1720.086190110158, True))
(7, (43702.72, 69.36, 1288.2118795871352, True))
(7, (59445.68, 20.63, 1289.4632471051066, True))
(7, (69073.885, 34.71, 1289.1028285308457, True))
(7, (69073.885, 34.71, 1289.1028285308457, True))
(7, (44063.12, 22.09, 1289.4255701751617, True))
(7, (44063.12, 22.09, 1289.4255701751617, True))
(7, (44063.12, 22.09, 1289.4255701751617, True))
(7, (44063.12, 22.09, 1289.4255701751617, True))
(7, (66548.04, 21.41, 1289.4439584683323, True))
(7, (43702.72, 64.5, 1288.3366654357455, True))
(7, (69073.885, 34.71, 1289.1028285308457, True))
(7, (44063.12, 22.09, 1289.4255701751617, True))
(7, (44063.12, 22.09, 1289.4255701751617, True))
(7, (44063.12, 22.09, 1289.4255701751617, True))
(7, (46166.68, 29.8, 1289.2275194986032, True))
(7, (66545.69, 31.47, 1289.1856567666619, True))
(7, (44063.12, 22.0875, 1289.4256343654138, True))
(7, (44063.12, 22.09, 1289.4255701751617, True))
(7, (44063.12, 22.0875, 1289.4256343654138, True))
(7, (44063.12, 22.0875, 1289.4256343654138, True))
(7, (43702.72, 68.99, 1288.221379744334, True))
(7, (50099.53, 35.51, 1289.0808413378097, True))
(7, (40298.64, 123.17, 1286.8304778044053, True))
(7, (39110.41, 213.05, 1284.5228127770285, True))
(7, (78265.245, 60.03, 1288.454467524625, True))
(7, (44063.12, 22.09, 1289.4255701751617, True))
(7, (44063.12, 22.09, 1289.4255701751617, True))
(7, (44063.12, 22.09, 1289.4255701751617, True))
(7, (44063.12, 22.09, 1289.4255701751617, True))
(7, (51845.53, 0.0, 1289.9926102017505, True))
(7, (51845.53, 0.0, 1289.9926102017505, True))
(7, (51845.53, 0.0, 1289.9926102017505, True))
(7, (51845.53, 0.0, 1289.9926102017505, True))
(7, (51845.53, 0.0, 1289.9926102017505, True))
(7, (51845.53, 0.0, 1289.9926102017505, True))
(7, (51845.53, 0.0, 1289.9926102017505, True))
